20
0.00 0.46 0.79 0.96 1.07 0.68 1.18 0.47 0.40 0.78 0.69 1.30 0.45 1.46 0.84 1.74 0.78 1.17 1.45 1.69
0.46 0.00 1.17 1.12 1.26 1.39 0.62 1.17 0.15 0.42 0.66 0.89 0.71 1.51 1.51 1.22 0.85 1.32 1.33 1.13
0.79 1.17 0.00 0.79 1.38 0.70 1.19 1.03 0.95 0.94 0.81 1.65 0.85 1.60 0.27 1.51 1.16 1.28 0.84 1.10
0.96 1.12 0.79 0.00 1.47 0.73 1.02 0.64 0.93 0.93 0.99 0.63 0.37 1.46 0.60 1.04 0.96 0.79 1.33 1.38
1.07 1.26 1.38 1.47 0.00 1.10 1.39 0.69 1.43 1.34 0.99 0.87 1.31 0.30 1.37 0.59 1.06 0.74 0.54 1.08
0.68 1.39 0.70 0.73 1.10 0.00 1.34 0.65 0.92 1.38 0.73 1.27 0.64 0.93 0.35 1.54 0.75 1.10 1.12 1.52
1.18 0.62 1.19 1.02 1.39 1.34 0.00 1.33 0.77 0.31 0.68 0.52 1.23 1.31 1.46 0.62 1.63 0.64 1.11 1.00
0.47 1.17 1.03 0.64 0.69 0.65 1.33 0.00 1.16 1.00 1.11 0.84 0.63 1.00 0.79 1.17 1.10 0.51 1.21 1.80
0.40 0.15 0.95 0.93 1.43 0.92 0.77 1.16 0.00 0.55 0.46 1.02 0.54 1.53 1.20 1.47 0.65 1.55 1.28 1.29
0.78 0.42 0.94 0.93 1.34 1.38 0.31 1.00 0.55 0.00 0.67 0.71 1.19 1.49 1.44 0.89 1.46 0.92 0.91 1.28
0.69 0.66 0.81 0.99 0.99 0.73 0.68 1.11 0.46 0.67 0.00 0.89 0.87 1.27 1.18 1.05 1.18 1.13 0.82 1.41
1.30 0.89 1.65 0.63 0.87 1.27 0.52 0.84 1.02 0.71 0.89 0.00 0.94 0.84 1.60 0.26 1.30 0.43 1.02 1.22
0.45 0.71 0.85 0.37 1.31 0.64 1.23 0.63 0.54 1.19 0.87 0.94 0.00 1.53 0.61 1.48 0.64 1.05 1.66 1.49
1.46 1.51 1.60 1.46 0.30 0.93 1.31 1.00 1.53 1.49 1.27 0.84 1.53 0.00 1.30 0.56 0.82 0.90 0.58 0.75
0.84 1.51 0.27 0.60 1.37 0.35 1.46 0.79 1.20 1.44 1.18 1.60 0.61 1.30 0.00 1.62 0.86 1.11 1.23 1.13
1.74 1.22 1.51 1.04 0.59 1.54 0.62 1.17 1.47 0.89 1.05 0.26 1.48 0.56 1.62 0.00 1.48 0.47 0.56 0.73
0.78 0.85 1.16 0.96 1.06 0.75 1.63 1.10 0.65 1.46 1.18 1.30 0.64 0.82 0.86 1.48 0.00 1.72 1.23 0.81
1.17 1.32 1.28 0.79 0.74 1.10 0.64 0.51 1.55 0.92 1.13 0.43 1.05 0.90 1.11 0.47 1.72 0.00 1.17 1.33
1.45 1.33 0.84 1.33 0.54 1.12 1.11 1.21 1.28 0.91 0.82 1.02 1.66 0.58 1.23 0.56 1.23 1.17 0.00 0.82
1.69 1.13 1.10 1.38 1.08 1.52 1.00 1.80 1.29 1.28 1.41 1.22 1.49 0.75 1.13 0.73 0.81 1.33 0.82 0.00
